100 100
0 67 
0 34 
0 26 
0 45 
1 67 
1 9 
1 44 
2 76 
2 8 
2 61 
3 71 
3 97 
3 99 
4 83 
4 35 
4 49 
5 63 
5 76 
6 71 
7 42 
7 8 
7 76 
7 53 
7 46 
8 26 
9 67 
9 63 
12 81 
12 85 
12 76 
12 84 
13 74 
13 73 
13 77 
13 27 
14 31 
14 34 
15 52 
15 22 
15 77 
16 99 
17 46 
18 77 
18 27 
18 57 
19 84 
20 66 
21 48 
22 58 
23 95 
25 56 
26 96 
26 33 
26 57 
28 35 
29 36 
31 88 
31 58 
32 69 
32 90 
33 50 
33 53 
35 49 
36 76 
36 81 
37 94 
37 99 
39 60 
39 88 
39 42 
39 56 
40 47 
40 99 
41 71 
41 81 
42 83 
44 81 
47 69 
47 72 
48 96 
49 99 
50 80 
53 97 
53 64 
53 85 
56 74 
64 80 
66 76 
67 88 
68 88 
69 78 
70 91 
73 98 
74 98 
74 85 
76 83 
76 86 
80 85 
86 88 
89 90 
